-0.0007850699590398469 0.23195826963695987
0.04946290828889169 0.20166174600025677
0.09904484613679057 0.17367929702542806
0.15001137782549326 0.14877061136849
0.19829799400184375 0.1308076505665574
0.24866150093939984 0.11745533474146086
0.2977086809891122 0.11104174203260475
0.3475321788244079 0.11848809120931691
0.39813724574936105 0.14056457353576146
0.44889985179652936 0.18574679378712378
0.49914870526180655 0.2555786353611147
0.5476199922980871 0.36470073401561387
0.598456991819635 0.5207939971759652
